-7.420000000000000000e+02
-7.000000000000000000e+02
-6.940000000000000000e+02
9.500000000000000000e+02
7.640000000000000000e+02
-9.800000000000000000e+02
7.900000000000000000e+02
-9.800000000000000000e+02
-1.020000000000000000e+03
1.120000000000000000e+03
-1.058000000000000000e+03
-1.066000000000000000e+03
8.160000000000000000e+02
3.800000000000000000e+02
4.420000000000000000e+02
4.920000000000000000e+02
-4.500000000000000000e+02
-5.200000000000000000e+02
-6.360000000000000000e+02
-7.560000000000000000e+02
-7.600000000000000000e+02
8.340000000000000000e+02
-1.082000000000000000e+03
1.052000000000000000e+03
-8.440000000000000000e+02
1.066000000000000000e+03
-1.042000000000000000e+03
9.560000000000000000e+02
9.760000000000000000e+02
-7.840000000000000000e+02
8.160000000000000000e+02
-8.580000000000000000e+02
-8.600000000000000000e+02
-3.780000000000000000e+02
8.940000000000000000e+02
-9.560000000000000000e+02
1.014000000000000000e+03
1.006000000000000000e+03
-1.016000000000000000e+03
-1.040000000000000000e+03
1.068000000000000000e+03
-1.076000000000000000e+03
8.900000000000000000e+02
-9.700000000000000000e+02
-9.740000000000000000e+02
1.094000000000000000e+03
-1.056000000000000000e+03
1.002000000000000000e+03
9.980000000000000000e+02
-1.032000000000000000e+03
9.620000000000000000e+02
-7.260000000000000000e+02
-7.000000000000000000e+02
7.800000000000000000e+02
-8.300000000000000000e+02
1.026000000000000000e+03
-1.092000000000000000e+03
8.960000000000000000e+02
-1.008000000000000000e+03
7.980000000000000000e+02
8.520000000000000000e+02
-1.000000000000000000e+03
9.540000000000000000e+02
5.000000000000000000e+01
9.160000000000000000e+02
-9.260000000000000000e+02
8.820000000000000000e+02
8.800000000000000000e+02
8.640000000000000000e+02
-8.740000000000000000e+02
-8.640000000000000000e+02
8.100000000000000000e+02
-9.480000000000000000e+02
7.800000000000000000e+02
-8.880000000000000000e+02
1.000000000000000000e+03
-9.100000000000000000e+02
1.088000000000000000e+03
-8.040000000000000000e+02
-8.080000000000000000e+02
8.860000000000000000e+02
-8.440000000000000000e+02
-8.340000000000000000e+02
-8.360000000000000000e+02
-8.440000000000000000e+02
1.038000000000000000e+03
-8.820000000000000000e+02
8.780000000000000000e+02
-9.980000000000000000e+02
1.032000000000000000e+03
-1.056000000000000000e+03
1.096000000000000000e+03
-9.500000000000000000e+02
9.440000000000000000e+02
-9.800000000000000000e+01
-7.000000000000000000e+01
-1.400000000000000000e+02
-5.160000000000000000e+02
8.180000000000000000e+02
-9.020000000000000000e+02
7.160000000000000000e+02
-1.064000000000000000e+03
-1.036000000000000000e+03
-1.046000000000000000e+03
1.020000000000000000e+03
-9.680000000000000000e+02
8.340000000000000000e+02
-9.380000000000000000e+02
1.004000000000000000e+03
-7.240000000000000000e+02
9.800000000000000000e+02
9.820000000000000000e+02
-9.080000000000000000e+02
9.700000000000000000e+02
-1.006000000000000000e+03
-1.004000000000000000e+03
-1.002000000000000000e+03
-1.012000000000000000e+03
1.104000000000000000e+03
-1.028000000000000000e+03
-9.280000000000000000e+02
1.060000000000000000e+03
-9.640000000000000000e+02
-9.360000000000000000e+02
8.420000000000000000e+02
-9.160000000000000000e+02
-1.000000000000000000e+03
1.050000000000000000e+03
-8.700000000000000000e+02
1.066000000000000000e+03
1.010000000000000000e+03
9.860000000000000000e+02
-1.002000000000000000e+03
-1.004000000000000000e+03
1.026000000000000000e+03
-9.800000000000000000e+02
-9.780000000000000000e+02
9.420000000000000000e+02
-8.360000000000000000e+02
-9.000000000000000000e+02
-8.980000000000000000e+02
9.940000000000000000e+02
9.420000000000000000e+02
-9.820000000000000000e+02
1.060000000000000000e+03
-9.480000000000000000e+02
9.780000000000000000e+02
-9.960000000000000000e+02
9.480000000000000000e+02
-1.054000000000000000e+03
1.068000000000000000e+03
1.070000000000000000e+03
-9.720000000000000000e+02
9.920000000000000000e+02
-1.010000000000000000e+03
1.076000000000000000e+03
-1.054000000000000000e+03
-1.050000000000000000e+03
1.090000000000000000e+03
-1.042000000000000000e+03
1.108000000000000000e+03
-1.032000000000000000e+03
-1.030000000000000000e+03
-1.028000000000000000e+03
9.620000000000000000e+02
-9.080000000000000000e+02
8.000000000000000000e+02
7.120000000000000000e+02
7.000000000000000000e+02
-5.020000000000000000e+02
5.900000000000000000e+02
5.720000000000000000e+02
-6.720000000000000000e+02
-7.640000000000000000e+02
6.020000000000000000e+02
-8.000000000000000000e+02
6.720000000000000000e+02
-8.980000000000000000e+02
5.660000000000000000e+02
-4.340000000000000000e+02
9.520000000000000000e+02
-1.002000000000000000e+03
9.620000000000000000e+02
9.560000000000000000e+02
7.060000000000000000e+02
-9.520000000000000000e+02
8.940000000000000000e+02
8.980000000000000000e+02
-1.038000000000000000e+03
-1.044000000000000000e+03
9.160000000000000000e+02
-8.040000000000000000e+02
9.220000000000000000e+02
9.260000000000000000e+02
-1.138000000000000000e+03
1.036000000000000000e+03
-9.500000000000000000e+02
1.106000000000000000e+03
-1.002000000000000000e+03
1.108000000000000000e+03
-1.138000000000000000e+03
1.052000000000000000e+03
-1.122000000000000000e+03
8.740000000000000000e+02
-9.320000000000000000e+02
1.050000000000000000e+03
-1.042000000000000000e+03
1.062000000000000000e+03
-9.580000000000000000e+02
-9.620000000000000000e+02
1.012000000000000000e+03
-9.580000000000000000e+02
1.090000000000000000e+03
-1.078000000000000000e+03
9.140000000000000000e+02
9.020000000000000000e+02
7.600000000000000000e+02
7.580000000000000000e+02
-8.100000000000000000e+02
-8.120000000000000000e+02
1.700000000000000000e+02
-7.880000000000000000e+02
-7.460000000000000000e+02
-7.600000000000000000e+02
-7.640000000000000000e+02
4.300000000000000000e+02
-7.380000000000000000e+02
6.220000000000000000e+02
9.340000000000000000e+02
8.740000000000000000e+02
9.720000000000000000e+02
-8.780000000000000000e+02
1.038000000000000000e+03
-8.620000000000000000e+02
-8.340000000000000000e+02
8.720000000000000000e+02
8.740000000000000000e+02
-8.580000000000000000e+02
-8.560000000000000000e+02
8.980000000000000000e+02
8.840000000000000000e+02
-8.960000000000000000e+02
9.720000000000000000e+02
-1.018000000000000000e+03
9.920000000000000000e+02
1.060000000000000000e+03
-1.092000000000000000e+03
9.460000000000000000e+02
-1.028000000000000000e+03
9.740000000000000000e+02
-7.220000000000000000e+02
7.780000000000000000e+02
7.860000000000000000e+02
-9.700000000000000000e+02
7.320000000000000000e+02
-1.720000000000000000e+02
-1.740000000000000000e+02
6.060000000000000000e+02
-1.024000000000000000e+03
-1.026000000000000000e+03
9.800000000000000000e+02
9.880000000000000000e+02
9.600000000000000000e+02
-9.660000000000000000e+02
1.022000000000000000e+03
-1.030000000000000000e+03
9.100000000000000000e+02
-1.010000000000000000e+03
1.068000000000000000e+03
-9.920000000000000000e+02
-9.940000000000000000e+02
7.600000000000000000e+02
-9.080000000000000000e+02
7.740000000000000000e+02
-9.100000000000000000e+02
9.340000000000000000e+02
-6.860000000000000000e+02
7.680000000000000000e+02
7.820000000000000000e+02
-9.540000000000000000e+02
1.060000000000000000e+03
-9.960000000000000000e+02
5.120000000000000000e+02
-9.120000000000000000e+02
-9.420000000000000000e+02
9.280000000000000000e+02
-9.140000000000000000e+02
9.740000000000000000e+02
-9.200000000000000000e+02
-4.220000000000000000e+02
8.780000000000000000e+02
-1.068000000000000000e+03
1.062000000000000000e+03
-9.400000000000000000e+02
8.620000000000000000e+02
8.660000000000000000e+02
-8.000000000000000000e+02
-8.060000000000000000e+02
-7.940000000000000000e+02
-1.300000000000000000e+02
-8.000000000000000000e+00
-1.320000000000000000e+02
-8.680000000000000000e+02
7.840000000000000000e+02
-9.420000000000000000e+02
-9.100000000000000000e+02
1.002000000000000000e+03
-1.040000000000000000e+03
1.038000000000000000e+03
-9.760000000000000000e+02
9.780000000000000000e+02
-8.940000000000000000e+02
8.580000000000000000e+02
-9.920000000000000000e+02
1.002000000000000000e+03
-8.280000000000000000e+02
9.100000000000000000e+02
9.160000000000000000e+02
-8.260000000000000000e+02
6.720000000000000000e+02
6.820000000000000000e+02
4.380000000000000000e+02
-8.400000000000000000e+02
6.960000000000000000e+02
-9.960000000000000000e+02
6.100000000000000000e+02
-8.700000000000000000e+02
9.960000000000000000e+02
-9.840000000000000000e+02
-9.760000000000000000e+02
9.060000000000000000e+02
9.120000000000000000e+02
-7.980000000000000000e+02
9.060000000000000000e+02
2.000000000000000000e+00
-8.000000000000000000e+00
7.440000000000000000e+02
-7.560000000000000000e+02
6.500000000000000000e+02
-8.560000000000000000e+02
8.040000000000000000e+02
-9.760000000000000000e+02
1.012000000000000000e+03
1.014000000000000000e+03
-9.540000000000000000e+02
9.680000000000000000e+02
-9.740000000000000000e+02
1.014000000000000000e+03
-9.980000000000000000e+02
1.054000000000000000e+03
1.058000000000000000e+03
-1.102000000000000000e+03
1.022000000000000000e+03
-1.024000000000000000e+03
-1.110000000000000000e+03
1.084000000000000000e+03
-1.042000000000000000e+03
8.740000000000000000e+02
-9.680000000000000000e+02
-9.720000000000000000e+02
1.010000000000000000e+03
-7.860000000000000000e+02
-7.760000000000000000e+02
-8.140000000000000000e+02
9.240000000000000000e+02
9.180000000000000000e+02
-9.940000000000000000e+02
-1.046000000000000000e+03
9.300000000000000000e+02
9.820000000000000000e+02
-7.540000000000000000e+02
1.044000000000000000e+03
-1.036000000000000000e+03
1.020000000000000000e+03
-8.800000000000000000e+02
-7.320000000000000000e+02
9.760000000000000000e+02
-8.540000000000000000e+02
-8.520000000000000000e+02
3.340000000000000000e+02
-5.460000000000000000e+02
5.780000000000000000e+02
-9.900000000000000000e+02
8.080000000000000000e+02
7.320000000000000000e+02
-7.560000000000000000e+02
-7.520000000000000000e+02
-7.260000000000000000e+02
2.660000000000000000e+02
6.380000000000000000e+02
6.360000000000000000e+02
7.940000000000000000e+02
-9.520000000000000000e+02
1.020000000000000000e+03
-8.740000000000000000e+02
9.040000000000000000e+02
-9.460000000000000000e+02
9.640000000000000000e+02
-9.280000000000000000e+02
-9.480000000000000000e+02
8.360000000000000000e+02
-7.640000000000000000e+02
-7.660000000000000000e+02
-7.540000000000000000e+02
1.068000000000000000e+03
-9.800000000000000000e+02
1.020000000000000000e+03
1.000000000000000000e+03
-9.440000000000000000e+02
8.780000000000000000e+02
-7.640000000000000000e+02
9.920000000000000000e+02
-9.360000000000000000e+02
7.980000000000000000e+02
-7.760000000000000000e+02
1.022000000000000000e+03
1.020000000000000000e+03
-8.560000000000000000e+02
-7.760000000000000000e+02
1.068000000000000000e+03
-9.000000000000000000e+02
-4.800000000000000000e+01
1.520000000000000000e+02
1.500000000000000000e+02
-2.280000000000000000e+02
-2.180000000000000000e+02
-8.920000000000000000e+02
1.024000000000000000e+03
-9.620000000000000000e+02
-9.760000000000000000e+02
9.580000000000000000e+02
-8.960000000000000000e+02
8.780000000000000000e+02
-8.260000000000000000e+02
9.660000000000000000e+02
-9.080000000000000000e+02
1.060000000000000000e+03
-1.090000000000000000e+03
9.980000000000000000e+02
-8.760000000000000000e+02
-8.740000000000000000e+02
-8.420000000000000000e+02
1.058000000000000000e+03
-1.104000000000000000e+03
1.092000000000000000e+03
-8.120000000000000000e+02
9.620000000000000000e+02
9.640000000000000000e+02
-9.100000000000000000e+02
-1.900000000000000000e+02
-9.140000000000000000e+02
1.052000000000000000e+03
-1.000000000000000000e+03
8.560000000000000000e+02
-8.380000000000000000e+02
-8.400000000000000000e+02
9.660000000000000000e+02
9.620000000000000000e+02
9.600000000000000000e+02
-8.820000000000000000e+02
6.200000000000000000e+02
5.040000000000000000e+02
6.840000000000000000e+02
8.260000000000000000e+02
-9.560000000000000000e+02
9.800000000000000000e+02
-1.026000000000000000e+03
9.960000000000000000e+02
-1.062000000000000000e+03
8.420000000000000000e+02
-8.680000000000000000e+02
-8.640000000000000000e+02
-8.560000000000000000e+02
4.260000000000000000e+02
-9.120000000000000000e+02
-9.140000000000000000e+02
-8.920000000000000000e+02
9.880000000000000000e+02
9.840000000000000000e+02
-1.030000000000000000e+03
9.100000000000000000e+02
-9.760000000000000000e+02
9.440000000000000000e+02
-8.040000000000000000e+02
1.018000000000000000e+03
-1.044000000000000000e+03
1.098000000000000000e+03
-1.046000000000000000e+03
9.880000000000000000e+02
-8.360000000000000000e+02
-8.560000000000000000e+02
-6.660000000000000000e+02
1.074000000000000000e+03
-9.500000000000000000e+02
-9.480000000000000000e+02
1.026000000000000000e+03
1.014000000000000000e+03
8.160000000000000000e+02
-8.960000000000000000e+02
9.280000000000000000e+02
6.820000000000000000e+02
-7.700000000000000000e+02
8.800000000000000000e+02
-1.066000000000000000e+03
-1.062000000000000000e+03
-1.066000000000000000e+03
1.028000000000000000e+03
-1.060000000000000000e+03
1.006000000000000000e+03
-9.820000000000000000e+02
1.012000000000000000e+03
1.010000000000000000e+03
-1.088000000000000000e+03
1.036000000000000000e+03
1.038000000000000000e+03
-6.220000000000000000e+02
6.060000000000000000e+02
-4.980000000000000000e+02
4.360000000000000000e+02
-3.900000000000000000e+02
-4.680000000000000000e+02
1.760000000000000000e+02
1.740000000000000000e+02
-1.600000000000000000e+01
-6.300000000000000000e+02
-6.320000000000000000e+02
7.400000000000000000e+02
-9.560000000000000000e+02
9.020000000000000000e+02
9.060000000000000000e+02
-9.820000000000000000e+02
9.540000000000000000e+02
-7.660000000000000000e+02
8.660000000000000000e+02
-8.380000000000000000e+02
-8.360000000000000000e+02
8.900000000000000000e+02
-8.540000000000000000e+02
7.220000000000000000e+02
-8.980000000000000000e+02
8.040000000000000000e+02
7.640000000000000000e+02
7.620000000000000000e+02
7.840000000000000000e+02
7.820000000000000000e+02
9.520000000000000000e+02
-1.004000000000000000e+03
-1.036000000000000000e+03
9.660000000000000000e+02
9.680000000000000000e+02
9.600000000000000000e+02
-8.760000000000000000e+02
1.044000000000000000e+03
-8.980000000000000000e+02
8.000000000000000000e+00
5.200000000000000000e+02
-2.680000000000000000e+02
-2.720000000000000000e+02
-3.740000000000000000e+02
-3.700000000000000000e+02
7.800000000000000000e+02
-8.580000000000000000e+02
-8.560000000000000000e+02
-6.680000000000000000e+02
6.860000000000000000e+02
-7.240000000000000000e+02
1.640000000000000000e+02
6.940000000000000000e+02
7.060000000000000000e+02
-7.720000000000000000e+02
-7.520000000000000000e+02
-7.580000000000000000e+02
8.360000000000000000e+02
-8.720000000000000000e+02
-8.760000000000000000e+02
-8.660000000000000000e+02
-8.640000000000000000e+02
8.480000000000000000e+02
-8.440000000000000000e+02
8.960000000000000000e+02
-9.740000000000000000e+02
-9.080000000000000000e+02
8.040000000000000000e+02
8.020000000000000000e+02
-9.980000000000000000e+02
7.560000000000000000e+02
7.540000000000000000e+02
-9.660000000000000000e+02
-7.620000000000000000e+02
1.028000000000000000e+03
1.022000000000000000e+03
-1.088000000000000000e+03
-1.080000000000000000e+03
-1.076000000000000000e+03
9.400000000000000000e+02
9.340000000000000000e+02
-9.360000000000000000e+02
7.460000000000000000e+02
7.760000000000000000e+02
-5.800000000000000000e+02
7.620000000000000000e+02
-8.960000000000000000e+02
1.028000000000000000e+03
-1.052000000000000000e+03
1.022000000000000000e+03
-9.860000000000000000e+02
8.220000000000000000e+02
-9.860000000000000000e+02
7.840000000000000000e+02
-6.700000000000000000e+02
9.300000000000000000e+02
9.440000000000000000e+02
-9.820000000000000000e+02
-9.400000000000000000e+02
-9.380000000000000000e+02
9.780000000000000000e+02
-9.680000000000000000e+02
-7.940000000000000000e+02
-8.100000000000000000e+02
8.920000000000000000e+02
-7.420000000000000000e+02
4.000000000000000000e+02
3.760000000000000000e+02
8.680000000000000000e+02
8.700000000000000000e+02
-6.860000000000000000e+02
-2.500000000000000000e+02
9.520000000000000000e+02
-8.200000000000000000e+02
6.980000000000000000e+02
7.380000000000000000e+02
7.860000000000000000e+02
7.620000000000000000e+02
-8.620000000000000000e+02
9.340000000000000000e+02
-1.102000000000000000e+03
1.052000000000000000e+03
7.080000000000000000e+02
-1.048000000000000000e+03
-1.046000000000000000e+03
9.440000000000000000e+02
-9.500000000000000000e+02
8.180000000000000000e+02
8.140000000000000000e+02
7.640000000000000000e+02
9.020000000000000000e+02
-1.030000000000000000e+03
9.140000000000000000e+02
-3.920000000000000000e+02
7.640000000000000000e+02
7.660000000000000000e+02
-9.500000000000000000e+02
9.000000000000000000e+02
-9.620000000000000000e+02
9.420000000000000000e+02
-1.012000000000000000e+03
1.076000000000000000e+03
-9.780000000000000000e+02
9.280000000000000000e+02
-8.660000000000000000e+02
-8.380000000000000000e+02
-7.860000000000000000e+02
8.940000000000000000e+02
-9.980000000000000000e+02
-1.000000000000000000e+03
9.440000000000000000e+02
8.920000000000000000e+02
-9.360000000000000000e+02
8.780000000000000000e+02
-7.840000000000000000e+02
-5.780000000000000000e+02
-6.380000000000000000e+02
-6.360000000000000000e+02
6.960000000000000000e+02
8.960000000000000000e+02
-5.160000000000000000e+02
-4.900000000000000000e+02
8.200000000000000000e+02
-9.160000000000000000e+02
1.002000000000000000e+03
-6.580000000000000000e+02
9.160000000000000000e+02
-6.580000000000000000e+02
-6.600000000000000000e+02
9.220000000000000000e+02
-9.980000000000000000e+02
3.580000000000000000e+02
1.620000000000000000e+02
5.700000000000000000e+02
-6.520000000000000000e+02
-7.200000000000000000e+02
-7.140000000000000000e+02
-7.120000000000000000e+02
-6.720000000000000000e+02
-6.760000000000000000e+02
-6.900000000000000000e+02
9.380000000000000000e+02
-8.020000000000000000e+02
-7.840000000000000000e+02
9.840000000000000000e+02
-8.400000000000000000e+02
1.042000000000000000e+03
-9.400000000000000000e+02
-5.720000000000000000e+02
-6.740000000000000000e+02
-7.000000000000000000e+02
-6.880000000000000000e+02
3.860000000000000000e+02
-8.480000000000000000e+02
9.400000000000000000e+02
-9.660000000000000000e+02
1.030000000000000000e+03
-9.840000000000000000e+02
-9.780000000000000000e+02
8.780000000000000000e+02
-8.100000000000000000e+02
-7.960000000000000000e+02
4.180000000000000000e+02
7.300000000000000000e+02
-8.440000000000000000e+02
1.090000000000000000e+03
-9.120000000000000000e+02
9.580000000000000000e+02
5.940000000000000000e+02
6.900000000000000000e+02
-1.460000000000000000e+02
-1.580000000000000000e+02
3.720000000000000000e+02
-2.420000000000000000e+02
7.900000000000000000e+02
-8.260000000000000000e+02
1.700000000000000000e+02
1.720000000000000000e+02
1.740000000000000000e+02
1.760000000000000000e+02
7.180000000000000000e+02
-5.640000000000000000e+02
-5.660000000000000000e+02
8.680000000000000000e+02
-8.840000000000000000e+02
-3.200000000000000000e+01
4.000000000000000000e+00
-2.000000000000000000e+00
9.000000000000000000e+01
3.000000000000000000e+01
2.800000000000000000e+01
8.960000000000000000e+02
-5.840000000000000000e+02
-5.680000000000000000e+02
6.100000000000000000e+02
6.480000000000000000e+02
8.400000000000000000e+02
8.420000000000000000e+02
-4.740000000000000000e+02
4.000000000000000000e+00
2.000000000000000000e+00
6.200000000000000000e+02
6.180000000000000000e+02
6.160000000000000000e+02
-5.300000000000000000e+02
6.980000000000000000e+02
-9.380000000000000000e+02
8.600000000000000000e+02
-8.760000000000000000e+02
-8.720000000000000000e+02
9.280000000000000000e+02
-8.500000000000000000e+02
-9.040000000000000000e+02
6.460000000000000000e+02
6.600000000000000000e+02
-8.700000000000000000e+02
-8.720000000000000000e+02
9.100000000000000000e+02
-7.580000000000000000e+02
-8.820000000000000000e+02
7.680000000000000000e+02
-8.040000000000000000e+02
-7.980000000000000000e+02
-8.000000000000000000e+02
7.740000000000000000e+02
-7.000000000000000000e+02
-7.020000000000000000e+02
-8.480000000000000000e+02
8.860000000000000000e+02
6.980000000000000000e+02
-7.700000000000000000e+02
-7.180000000000000000e+02
9.480000000000000000e+02
-1.022000000000000000e+03
9.960000000000000000e+02
-9.060000000000000000e+02
9.820000000000000000e+02
-9.820000000000000000e+02
-7.740000000000000000e+02
9.420000000000000000e+02
9.460000000000000000e+02
-8.760000000000000000e+02
9.180000000000000000e+02
-8.560000000000000000e+02
9.960000000000000000e+02
-6.900000000000000000e+02
9.740000000000000000e+02
-7.740000000000000000e+02
1.002000000000000000e+03
-9.920000000000000000e+02
1.022000000000000000e+03
-1.080000000000000000e+03
1.024000000000000000e+03
-4.600000000000000000e+01
-6.240000000000000000e+02
-6.220000000000000000e+02
8.640000000000000000e+02
8.700000000000000000e+02
6.900000000000000000e+02
9.140000000000000000e+02
4.120000000000000000e+02
4.100000000000000000e+02
-6.700000000000000000e+02
-6.720000000000000000e+02
-6.940000000000000000e+02
8.160000000000000000e+02
-6.340000000000000000e+02
2.880000000000000000e+02
1.620000000000000000e+02
-4.320000000000000000e+02
-4.860000000000000000e+02
-4.600000000000000000e+01
7.360000000000000000e+02
-7.020000000000000000e+02
-7.120000000000000000e+02
-7.380000000000000000e+02
8.400000000000000000e+02
-9.480000000000000000e+02
1.028000000000000000e+03
-8.360000000000000000e+02
-8.100000000000000000e+02
-6.800000000000000000e+02
6.540000000000000000e+02
-3.480000000000000000e+02
2.180000000000000000e+02
4.000000000000000000e+00
-7.480000000000000000e+02
-5.800000000000000000e+02
-6.400000000000000000e+02
9.340000000000000000e+02
-6.540000000000000000e+02
-6.520000000000000000e+02
7.660000000000000000e+02
7.700000000000000000e+02
5.100000000000000000e+02
3.600000000000000000e+01
-9.660000000000000000e+02
8.400000000000000000e+02
-9.180000000000000000e+02
9.400000000000000000e+02
1.010000000000000000e+03
1.014000000000000000e+03
-6.660000000000000000e+02
-6.680000000000000000e+02
-6.700000000000000000e+02
9.140000000000000000e+02
-2.940000000000000000e+02
3.840000000000000000e+02
3.860000000000000000e+02
3.480000000000000000e+02
3.460000000000000000e+02
1.640000000000000000e+02
1.260000000000000000e+02
1.380000000000000000e+02
1.980000000000000000e+02
8.520000000000000000e+02
-8.960000000000000000e+02
1.016000000000000000e+03
-8.860000000000000000e+02
-8.900000000000000000e+02
8.180000000000000000e+02
-5.640000000000000000e+02
8.500000000000000000e+02
-8.800000000000000000e+02
-9.780000000000000000e+02
9.600000000000000000e+02
-8.740000000000000000e+02
1.062000000000000000e+03
-1.096000000000000000e+03
1.054000000000000000e+03
-9.700000000000000000e+02
9.040000000000000000e+02
8.420000000000000000e+02
-9.740000000000000000e+02
-9.760000000000000000e+02
9.760000000000000000e+02
-1.048000000000000000e+03
-1.090000000000000000e+03
1.112000000000000000e+03
1.122000000000000000e+03
-1.010000000000000000e+03
9.820000000000000000e+02
-8.020000000000000000e+02
1.002000000000000000e+03
-9.280000000000000000e+02
9.600000000000000000e+02
-5.000000000000000000e+02
8.000000000000000000e+00
1.200000000000000000e+01
5.600000000000000000e+02
5.020000000000000000e+02
-2.020000000000000000e+02
-2.060000000000000000e+02
-3.460000000000000000e+02
7.480000000000000000e+02
-7.480000000000000000e+02
1.022000000000000000e+03
1.028000000000000000e+03
1.038000000000000000e+03
1.018000000000000000e+03
-9.820000000000000000e+02
9.780000000000000000e+02
-9.780000000000000000e+02
9.540000000000000000e+02
-8.580000000000000000e+02
1.064000000000000000e+03
1.062000000000000000e+03
-1.142000000000000000e+03
1.094000000000000000e+03
-1.140000000000000000e+03
1.022000000000000000e+03
-9.380000000000000000e+02
9.420000000000000000e+02
9.120000000000000000e+02
9.140000000000000000e+02
8.580000000000000000e+02
-8.720000000000000000e+02
1.014000000000000000e+03
9.820000000000000000e+02
9.740000000000000000e+02
-1.072000000000000000e+03
9.680000000000000000e+02
-9.060000000000000000e+02
-8.840000000000000000e+02
-8.880000000000000000e+02
1.052000000000000000e+03
-9.640000000000000000e+02
7.840000000000000000e+02
-5.180000000000000000e+02
7.200000000000000000e+02
7.160000000000000000e+02
-9.560000000000000000e+02
-9.540000000000000000e+02
9.300000000000000000e+02
-9.500000000000000000e+02
8.380000000000000000e+02
-1.020000000000000000e+03
1.076000000000000000e+03
-9.500000000000000000e+02
1.052000000000000000e+03
-1.056000000000000000e+03
9.000000000000000000e+02
8.960000000000000000e+02
-8.360000000000000000e+02
-8.300000000000000000e+02
7.980000000000000000e+02
-4.320000000000000000e+02
4.180000000000000000e+02
-9.080000000000000000e+02
6.920000000000000000e+02
6.900000000000000000e+02
7.700000000000000000e+02
-7.160000000000000000e+02
-7.040000000000000000e+02
-7.740000000000000000e+02
-7.840000000000000000e+02
6.100000000000000000e+02
5.140000000000000000e+02
5.120000000000000000e+02
5.280000000000000000e+02
-8.900000000000000000e+02
-8.960000000000000000e+02
-8.800000000000000000e+02
-8.780000000000000000e+02
4.660000000000000000e+02
-8.520000000000000000e+02
8.660000000000000000e+02
-9.640000000000000000e+02
1.022000000000000000e+03
-1.068000000000000000e+03
9.880000000000000000e+02
-1.022000000000000000e+03
1.020000000000000000e+03
-8.000000000000000000e+02
-8.120000000000000000e+02
1.002000000000000000e+03
-1.054000000000000000e+03
9.740000000000000000e+02
-1.110000000000000000e+03
1.068000000000000000e+03
-1.062000000000000000e+03
1.104000000000000000e+03
-8.460000000000000000e+02
9.660000000000000000e+02
-9.720000000000000000e+02
1.054000000000000000e+03
1.056000000000000000e+03
-9.980000000000000000e+02
9.260000000000000000e+02
9.680000000000000000e+02
-9.040000000000000000e+02
9.180000000000000000e+02
-9.000000000000000000e+02
-9.060000000000000000e+02
9.860000000000000000e+02
-9.300000000000000000e+02
8.660000000000000000e+02
-9.660000000000000000e+02
9.040000000000000000e+02
-8.760000000000000000e+02
7.560000000000000000e+02
-6.820000000000000000e+02
-7.100000000000000000e+02
9.160000000000000000e+02
-3.460000000000000000e+02
9.020000000000000000e+02
-9.000000000000000000e+02
-9.040000000000000000e+02
9.720000000000000000e+02
-9.820000000000000000e+02
1.004000000000000000e+03
-9.400000000000000000e+02
-9.420000000000000000e+02
8.260000000000000000e+02
8.280000000000000000e+02
8.380000000000000000e+02
-6.160000000000000000e+02
7.640000000000000000e+02
5.800000000000000000e+01
-8.480000000000000000e+02
7.700000000000000000e+02
-5.700000000000000000e+02
7.020000000000000000e+02
-7.300000000000000000e+02
-7.780000000000000000e+02
1.920000000000000000e+02
1.880000000000000000e+02
1.960000000000000000e+02
2.460000000000000000e+02
2.040000000000000000e+02
2.020000000000000000e+02
-8.500000000000000000e+02
9.060000000000000000e+02
-6.860000000000000000e+02
-9.560000000000000000e+02
-9.280000000000000000e+02
1.026000000000000000e+03
-9.780000000000000000e+02
1.094000000000000000e+03
-9.760000000000000000e+02
9.200000000000000000e+02
-8.840000000000000000e+02
1.032000000000000000e+03
-7.940000000000000000e+02
8.920000000000000000e+02
-9.080000000000000000e+02
1.078000000000000000e+03
-1.056000000000000000e+03
9.240000000000000000e+02
-8.240000000000000000e+02
9.820000000000000000e+02
3.800000000000000000e+02
3.780000000000000000e+02
-8.400000000000000000e+02
-8.340000000000000000e+02
-8.980000000000000000e+02
1.024000000000000000e+03
-1.018000000000000000e+03
1.074000000000000000e+03
-8.460000000000000000e+02
8.600000000000000000e+02
8.760000000000000000e+02
-8.020000000000000000e+02
9.100000000000000000e+02
-8.000000000000000000e+02
1.040000000000000000e+03
1.034000000000000000e+03
1.040000000000000000e+03
1.042000000000000000e+03
1.038000000000000000e+03
-9.020000000000000000e+02
-9.060000000000000000e+02
8.520000000000000000e+02
8.480000000000000000e+02
8.540000000000000000e+02
-3.740000000000000000e+02
8.220000000000000000e+02
-9.880000000000000000e+02
-9.800000000000000000e+02
7.260000000000000000e+02
7.320000000000000000e+02
7.260000000000000000e+02
7.140000000000000000e+02
7.320000000000000000e+02
7.340000000000000000e+02
-1.058000000000000000e+03
1.002000000000000000e+03
9.920000000000000000e+02
-9.380000000000000000e+02
-9.360000000000000000e+02
-9.300000000000000000e+02
-9.540000000000000000e+02
9.320000000000000000e+02
9.300000000000000000e+02
9.280000000000000000e+02
-6.580000000000000000e+02
-6.720000000000000000e+02
-4.700000000000000000e+02
-6.300000000000000000e+02
-7.360000000000000000e+02
-7.320000000000000000e+02
1.020000000000000000e+03
-1.062000000000000000e+03
1.046000000000000000e+03
9.960000000000000000e+02
1.000000000000000000e+03
-9.960000000000000000e+02
-9.920000000000000000e+02
8.940000000000000000e+02
-1.078000000000000000e+03
1.004000000000000000e+03
-8.460000000000000000e+02
9.200000000000000000e+01
6.200000000000000000e+01
1.500000000000000000e+02
1.480000000000000000e+02
-6.880000000000000000e+02
9.440000000000000000e+02
-8.900000000000000000e+02
-7.760000000000000000e+02
-9.580000000000000000e+02
-9.500000000000000000e+02
9.500000000000000000e+02
-8.700000000000000000e+02
-2.120000000000000000e+02
7.320000000000000000e+02
7.220000000000000000e+02
6.200000000000000000e+02
-9.720000000000000000e+02
1.118000000000000000e+03
-9.240000000000000000e+02
-9.220000000000000000e+02
9.600000000000000000e+02
1.036000000000000000e+03
-1.024000000000000000e+03
-8.880000000000000000e+02
9.320000000000000000e+02
6.760000000000000000e+02
-7.020000000000000000e+02
-7.120000000000000000e+02
8.000000000000000000e+02
4.380000000000000000e+02
4.400000000000000000e+02
-8.200000000000000000e+02
1.800000000000000000e+01
4.000000000000000000e+00
2.940000000000000000e+02
2.960000000000000000e+02
-8.340000000000000000e+02
-7.980000000000000000e+02
-8.040000000000000000e+02
8.880000000000000000e+02
8.840000000000000000e+02
-9.580000000000000000e+02
8.440000000000000000e+02
7.100000000000000000e+02
7.080000000000000000e+02
6.920000000000000000e+02
-5.300000000000000000e+02
-4.460000000000000000e+02
7.360000000000000000e+02
-1.014000000000000000e+03
1.112000000000000000e+03
-1.010000000000000000e+03
1.044000000000000000e+03
-5.940000000000000000e+02
9.560000000000000000e+02
-8.620000000000000000e+02
7.680000000000000000e+02
7.980000000000000000e+02
-8.660000000000000000e+02
6.840000000000000000e+02
-9.880000000000000000e+02
9.960000000000000000e+02
9.940000000000000000e+02
-9.820000000000000000e+02
1.048000000000000000e+03
-9.420000000000000000e+02
9.880000000000000000e+02
-9.440000000000000000e+02
-9.420000000000000000e+02
-9.520000000000000000e+02
9.820000000000000000e+02
-1.014000000000000000e+03
9.080000000000000000e+02
-1.024000000000000000e+03
9.140000000000000000e+02
-9.600000000000000000e+02
9.140000000000000000e+02
-9.280000000000000000e+02
9.460000000000000000e+02
-9.100000000000000000e+02
5.820000000000000000e+02
6.840000000000000000e+02
-6.440000000000000000e+02
-6.460000000000000000e+02
5.580000000000000000e+02
5.520000000000000000e+02
-6.660000000000000000e+02
9.660000000000000000e+02
-9.520000000000000000e+02
9.320000000000000000e+02
-1.016000000000000000e+03
1.090000000000000000e+03
1.104000000000000000e+03
-8.880000000000000000e+02
-9.680000000000000000e+02
9.480000000000000000e+02
9.500000000000000000e+02
-9.620000000000000000e+02
-9.640000000000000000e+02
-8.720000000000000000e+02
9.300000000000000000e+02
-1.020000000000000000e+03
-1.006000000000000000e+03
1.030000000000000000e+03
-1.004000000000000000e+03
-1.012000000000000000e+03
9.240000000000000000e+02
9.300000000000000000e+02
9.320000000000000000e+02
-1.058000000000000000e+03
6.220000000000000000e+02
-8.220000000000000000e+02
-8.240000000000000000e+02
1.028000000000000000e+03
-9.980000000000000000e+02
9.440000000000000000e+02
-9.760000000000000000e+02
1.084000000000000000e+03
-1.054000000000000000e+03
1.134000000000000000e+03
-1.092000000000000000e+03
9.600000000000000000e+02
-9.700000000000000000e+02
-9.580000000000000000e+02
8.020000000000000000e+02
-8.440000000000000000e+02
9.220000000000000000e+02
-1.020000000000000000e+03
9.240000000000000000e+02
8.680000000000000000e+02
8.800000000000000000e+02
-5.440000000000000000e+02
-3.020000000000000000e+02
-2.600000000000000000e+02
6.920000000000000000e+02
6.480000000000000000e+02
6.100000000000000000e+02
5.900000000000000000e+02
2.720000000000000000e+02
3.780000000000000000e+02
2.180000000000000000e+02
5.300000000000000000e+02
4.920000000000000000e+02
4.000000000000000000e+02
2.760000000000000000e+02
-5.840000000000000000e+02
4.600000000000000000e+02
1.200000000000000000e+02
6.600000000000000000e+01
4.800000000000000000e+01
3.800000000000000000e+01
-6.780000000000000000e+02
8.920000000000000000e+02
-7.420000000000000000e+02
9.600000000000000000e+01
-2.000000000000000000e+02
-7.660000000000000000e+02
8.420000000000000000e+02
-9.320000000000000000e+02
-9.340000000000000000e+02
-9.240000000000000000e+02
9.500000000000000000e+02
9.520000000000000000e+02
-7.460000000000000000e+02
-7.520000000000000000e+02
-7.180000000000000000e+02
-1.340000000000000000e+02
2.220000000000000000e+02
2.200000000000000000e+02
1.600000000000000000e+02
2.540000000000000000e+02
-7.740000000000000000e+02
1.016000000000000000e+03
-1.068000000000000000e+03
1.074000000000000000e+03
-9.900000000000000000e+02
9.300000000000000000e+02
-9.840000000000000000e+02
9.600000000000000000e+02
4.680000000000000000e+02
4.220000000000000000e+02
8.880000000000000000e+02
-7.180000000000000000e+02
5.700000000000000000e+02
5.000000000000000000e+02
-8.140000000000000000e+02
-8.060000000000000000e+02
8.720000000000000000e+02
-1.054000000000000000e+03
9.960000000000000000e+02
1.012000000000000000e+03
-9.400000000000000000e+02
-9.380000000000000000e+02
9.140000000000000000e+02
9.200000000000000000e+02
-8.320000000000000000e+02
-8.640000000000000000e+02
1.002000000000000000e+03
-1.114000000000000000e+03
-1.112000000000000000e+03
-1.108000000000000000e+03
8.680000000000000000e+02
-9.140000000000000000e+02
1.084000000000000000e+03
-1.026000000000000000e+03
1.122000000000000000e+03
1.120000000000000000e+03
-1.008000000000000000e+03
7.760000000000000000e+02
7.800000000000000000e+02
1.016000000000000000e+03
-8.000000000000000000e+02
7.900000000000000000e+02
-7.400000000000000000e+02
1.066000000000000000e+03
-1.112000000000000000e+03
1.046000000000000000e+03
1.066000000000000000e+03
-9.200000000000000000e+02
-9.180000000000000000e+02
9.880000000000000000e+02
9.660000000000000000e+02
9.680000000000000000e+02
-1.002000000000000000e+03
9.520000000000000000e+02
-1.008000000000000000e+03
1.088000000000000000e+03
-6.820000000000000000e+02
5.960000000000000000e+02
-9.280000000000000000e+02
8.520000000000000000e+02
8.500000000000000000e+02
-9.460000000000000000e+02
7.760000000000000000e+02
-8.840000000000000000e+02
-8.820000000000000000e+02
9.960000000000000000e+02
-1.064000000000000000e+03
1.026000000000000000e+03
-1.070000000000000000e+03
1.098000000000000000e+03
1.096000000000000000e+03
-9.900000000000000000e+02
-9.920000000000000000e+02
9.400000000000000000e+02
-9.700000000000000000e+02
6.080000000000000000e+02
-5.680000000000000000e+02
9.880000000000000000e+02
-8.700000000000000000e+02
9.860000000000000000e+02
-9.200000000000000000e+02
1.048000000000000000e+03
-1.038000000000000000e+03
-1.046000000000000000e+03
-1.048000000000000000e+03
9.320000000000000000e+02
-6.240000000000000000e+02
1.070000000000000000e+03
1.048000000000000000e+03
1.046000000000000000e+03
9.200000000000000000e+02
-7.500000000000000000e+02
-8.140000000000000000e+02
-8.120000000000000000e+02
8.560000000000000000e+02
-9.220000000000000000e+02
1.108000000000000000e+03
-1.020000000000000000e+03
1.010000000000000000e+03
-9.420000000000000000e+02
1.074000000000000000e+03
-7.780000000000000000e+02
8.060000000000000000e+02
-9.880000000000000000e+02
-9.860000000000000000e+02
1.048000000000000000e+03
-8.940000000000000000e+02
-8.920000000000000000e+02
9.260000000000000000e+02
9.280000000000000000e+02
-9.240000000000000000e+02
-5.380000000000000000e+02
-3.100000000000000000e+02
-8.260000000000000000e+02
-8.420000000000000000e+02
-8.360000000000000000e+02
5.180000000000000000e+02
5.240000000000000000e+02
-9.520000000000000000e+02
8.120000000000000000e+02
-9.040000000000000000e+02
8.140000000000000000e+02
-7.600000000000000000e+02
9.180000000000000000e+02
-8.440000000000000000e+02
1.118000000000000000e+03
-9.780000000000000000e+02
9.880000000000000000e+02
-9.360000000000000000e+02
8.320000000000000000e+02
-7.240000000000000000e+02
-7.420000000000000000e+02
9.740000000000000000e+02
-9.460000000000000000e+02
-3.280000000000000000e+02
6.820000000000000000e+02
-7.760000000000000000e+02
9.780000000000000000e+02
9.760000000000000000e+02
-8.200000000000000000e+02
-6.460000000000000000e+02
3.420000000000000000e+02
2.960000000000000000e+02
-2.620000000000000000e+02
-1.280000000000000000e+02
-1.300000000000000000e+02
-1.320000000000000000e+02
-2.380000000000000000e+02
-1.560000000000000000e+02
2.920000000000000000e+02
3.300000000000000000e+02
9.160000000000000000e+02
9.360000000000000000e+02
-8.480000000000000000e+02
-8.840000000000000000e+02
-8.860000000000000000e+02
-9.040000000000000000e+02
-8.660000000000000000e+02
-9.000000000000000000e+02
9.540000000000000000e+02
-9.480000000000000000e+02
4.580000000000000000e+02
4.520000000000000000e+02
4.500000000000000000e+02
4.300000000000000000e+02
-6.920000000000000000e+02
6.560000000000000000e+02
6.280000000000000000e+02
-8.620000000000000000e+02
7.680000000000000000e+02
6.100000000000000000e+02
-9.340000000000000000e+02
3.880000000000000000e+02
4.760000000000000000e+02
-1.030000000000000000e+03
9.000000000000000000e+02
9.060000000000000000e+02
-9.460000000000000000e+02
9.700000000000000000e+02
-9.480000000000000000e+02
-9.460000000000000000e+02
7.240000000000000000e+02
6.780000000000000000e+02
-9.240000000000000000e+02
9.960000000000000000e+02
-9.540000000000000000e+02
-9.240000000000000000e+02
-9.260000000000000000e+02
8.220000000000000000e+02
-7.380000000000000000e+02
5.740000000000000000e+02
6.580000000000000000e+02
-1.580000000000000000e+02
8.360000000000000000e+02
-7.780000000000000000e+02
-7.180000000000000000e+02
-8.120000000000000000e+02
8.820000000000000000e+02
-7.700000000000000000e+02
9.320000000000000000e+02
9.860000000000000000e+02
-1.102000000000000000e+03
9.960000000000000000e+02
-1.012000000000000000e+03
-1.014000000000000000e+03
8.760000000000000000e+02
8.740000000000000000e+02
8.660000000000000000e+02
8.380000000000000000e+02
8.020000000000000000e+02
-9.660000000000000000e+02
-9.400000000000000000e+02
9.260000000000000000e+02
-1.010000000000000000e+03
1.044000000000000000e+03
1.038000000000000000e+03
-9.480000000000000000e+02
8.340000000000000000e+02
7.920000000000000000e+02
-7.540000000000000000e+02
7.060000000000000000e+02
-7.700000000000000000e+02
-7.780000000000000000e+02
7.440000000000000000e+02
7.580000000000000000e+02
-9.260000000000000000e+02
6.620000000000000000e+02
5.580000000000000000e+02
5.480000000000000000e+02
3.440000000000000000e+02
-9.020000000000000000e+02
9.600000000000000000e+02
-8.640000000000000000e+02
9.820000000000000000e+02
-8.320000000000000000e+02
8.900000000000000000e+02
8.920000000000000000e+02
8.940000000000000000e+02
8.980000000000000000e+02
-9.400000000000000000e+02
1.024000000000000000e+03
-1.004000000000000000e+03
9.180000000000000000e+02
-1.006000000000000000e+03
-1.004000000000000000e+03
-9.820000000000000000e+02
9.860000000000000000e+02
-1.004000000000000000e+03
5.740000000000000000e+02
-7.420000000000000000e+02
-7.720000000000000000e+02
8.800000000000000000e+02
-9.660000000000000000e+02
8.840000000000000000e+02
-2.000000000000000000e+00
2.040000000000000000e+02
-5.400000000000000000e+02
8.060000000000000000e+02
-9.900000000000000000e+02
1.066000000000000000e+03
1.064000000000000000e+03
-8.220000000000000000e+02
-5.260000000000000000e+02
1.012000000000000000e+03
-7.120000000000000000e+02
1.088000000000000000e+03
1.090000000000000000e+03
1.092000000000000000e+03
-1.052000000000000000e+03
1.054000000000000000e+03
-1.054000000000000000e+03
-1.052000000000000000e+03
9.580000000000000000e+02
-9.820000000000000000e+02
1.006000000000000000e+03
1.014000000000000000e+03
-9.480000000000000000e+02
8.660000000000000000e+02
7.800000000000000000e+02
-1.026000000000000000e+03
9.640000000000000000e+02
9.820000000000000000e+02
-1.042000000000000000e+03
9.260000000000000000e+02
-9.080000000000000000e+02
-9.140000000000000000e+02
1.008000000000000000e+03
-7.260000000000000000e+02
-7.220000000000000000e+02
8.360000000000000000e+02
-8.240000000000000000e+02
-8.220000000000000000e+02
1.048000000000000000e+03
-8.320000000000000000e+02
6.680000000000000000e+02
-8.300000000000000000e+02
1.034000000000000000e+03
1.032000000000000000e+03
-1.046000000000000000e+03
9.020000000000000000e+02
-3.480000000000000000e+02
-6.600000000000000000e+02
-6.520000000000000000e+02
4.580000000000000000e+02
-8.840000000000000000e+02
-9.060000000000000000e+02
-9.120000000000000000e+02
9.020000000000000000e+02
1.000000000000000000e+03
-1.008000000000000000e+03
-9.820000000000000000e+02
8.220000000000000000e+02
-4.420000000000000000e+02
4.760000000000000000e+02
4.780000000000000000e+02
4.740000000000000000e+02
-7.540000000000000000e+02
1.014000000000000000e+03
1.008000000000000000e+03
-6.420000000000000000e+02
-9.220000000000000000e+02
9.920000000000000000e+02
-9.000000000000000000e+02
8.820000000000000000e+02
8.860000000000000000e+02
-7.720000000000000000e+02
9.000000000000000000e+02
9.820000000000000000e+02
-6.780000000000000000e+02
8.460000000000000000e+02
-8.500000000000000000e+02
1.104000000000000000e+03
-1.110000000000000000e+03
1.080000000000000000e+03
-1.028000000000000000e+03
8.520000000000000000e+02
-1.032000000000000000e+03
9.820000000000000000e+02
9.700000000000000000e+02
-9.660000000000000000e+02
1.026000000000000000e+03
1.024000000000000000e+03
-9.580000000000000000e+02
1.110000000000000000e+03
-8.520000000000000000e+02
1.020000000000000000e+03
-9.980000000000000000e+02
9.980000000000000000e+02
-9.540000000000000000e+02
-9.360000000000000000e+02
1.022000000000000000e+03
-1.066000000000000000e+03
9.020000000000000000e+02
-9.900000000000000000e+02
9.920000000000000000e+02
-1.072000000000000000e+03
9.200000000000000000e+02
9.040000000000000000e+02
-9.660000000000000000e+02
8.560000000000000000e+02
-9.900000000000000000e+02
6.760000000000000000e+02
1.380000000000000000e+02
-2.460000000000000000e+02
2.860000000000000000e+02
2.880000000000000000e+02
-6.440000000000000000e+02
6.780000000000000000e+02
1.054000000000000000e+03
-9.680000000000000000e+02
-9.460000000000000000e+02
1.016000000000000000e+03
1.012000000000000000e+03
-1.016000000000000000e+03
-9.700000000000000000e+02
-9.900000000000000000e+02
1.016000000000000000e+03
-9.300000000000000000e+02
9.820000000000000000e+02
-9.220000000000000000e+02
-9.000000000000000000e+02
9.420000000000000000e+02
-1.074000000000000000e+03
1.024000000000000000e+03
1.014000000000000000e+03
-1.094000000000000000e+03
8.460000000000000000e+02
8.300000000000000000e+02
-1.136000000000000000e+03
9.040000000000000000e+02
9.180000000000000000e+02
-9.340000000000000000e+02
-9.040000000000000000e+02
8.880000000000000000e+02
-1.054000000000000000e+03
9.280000000000000000e+02
9.300000000000000000e+02
-1.082000000000000000e+03
-1.136000000000000000e+03
1.116000000000000000e+03
-8.920000000000000000e+02
9.920000000000000000e+02
-9.960000000000000000e+02
-9.940000000000000000e+02
1.054000000000000000e+03
-1.050000000000000000e+03
1.072000000000000000e+03
-1.062000000000000000e+03
1.052000000000000000e+03
1.054000000000000000e+03
-7.620000000000000000e+02
-1.052000000000000000e+03
1.002000000000000000e+03
-1.028000000000000000e+03
8.920000000000000000e+02
-8.280000000000000000e+02
-8.400000000000000000e+02
5.920000000000000000e+02
6.040000000000000000e+02
5.560000000000000000e+02
8.700000000000000000e+02
8.740000000000000000e+02
-8.180000000000000000e+02
7.460000000000000000e+02
7.500000000000000000e+02
7.840000000000000000e+02
-5.280000000000000000e+02
-4.620000000000000000e+02
8.620000000000000000e+02
-1.044000000000000000e+03
6.860000000000000000e+02
-7.800000000000000000e+02
-7.880000000000000000e+02
-9.460000000000000000e+02
8.560000000000000000e+02
8.800000000000000000e+02
-8.080000000000000000e+02
-8.000000000000000000e+02
-7.980000000000000000e+02
-8.000000000000000000e+02
-7.980000000000000000e+02
8.940000000000000000e+02
-9.300000000000000000e+02
9.680000000000000000e+02
9.320000000000000000e+02
-9.280000000000000000e+02
6.660000000000000000e+02
-1.160000000000000000e+02
-1.280000000000000000e+02
1.010000000000000000e+03
1.036000000000000000e+03
-9.360000000000000000e+02
-9.620000000000000000e+02
7.880000000000000000e+02
7.920000000000000000e+02
-8.880000000000000000e+02
9.780000000000000000e+02
8.600000000000000000e+02
8.580000000000000000e+02
-9.060000000000000000e+02
9.860000000000000000e+02
-9.260000000000000000e+02
-9.240000000000000000e+02
9.820000000000000000e+02
9.840000000000000000e+02
-9.220000000000000000e+02
1.058000000000000000e+03
-1.006000000000000000e+03
-9.900000000000000000e+02
1.084000000000000000e+03
-9.180000000000000000e+02
8.160000000000000000e+02
-8.840000000000000000e+02
8.900000000000000000e+02
-9.140000000000000000e+02
-9.100000000000000000e+02
6.800000000000000000e+02
-1.008000000000000000e+03
-9.160000000000000000e+02
-9.220000000000000000e+02
6.900000000000000000e+02
8.840000000000000000e+02
8.860000000000000000e+02
8.840000000000000000e+02
-1.030000000000000000e+03
-1.032000000000000000e+03
1.032000000000000000e+03
-1.004000000000000000e+03
9.100000000000000000e+02
-8.220000000000000000e+02
2.280000000000000000e+02
-7.820000000000000000e+02
-8.080000000000000000e+02
1.018000000000000000e+03
-1.220000000000000000e+02
-1.240000000000000000e+02
-1.200000000000000000e+02
9.260000000000000000e+02
-9.700000000000000000e+02
8.900000000000000000e+02
8.960000000000000000e+02
9.140000000000000000e+02
-6.240000000000000000e+02
-2.400000000000000000e+02
-2.420000000000000000e+02
-6.980000000000000000e+02
2.180000000000000000e+02
2.220000000000000000e+02
2.000000000000000000e+02
1.980000000000000000e+02
-7.000000000000000000e+02
-6.960000000000000000e+02
6.980000000000000000e+02
8.540000000000000000e+02
-7.220000000000000000e+02
9.040000000000000000e+02
9.060000000000000000e+02
6.660000000000000000e+02
6.720000000000000000e+02
6.740000000000000000e+02
-9.040000000000000000e+02
8.840000000000000000e+02
-9.160000000000000000e+02
7.320000000000000000e+02
-5.800000000000000000e+02
-4.480000000000000000e+02
6.720000000000000000e+02
6.700000000000000000e+02
-8.440000000000000000e+02
8.360000000000000000e+02
8.340000000000000000e+02
8.360000000000000000e+02
9.020000000000000000e+02
-9.160000000000000000e+02
7.560000000000000000e+02
8.720000000000000000e+02
-8.060000000000000000e+02
8.640000000000000000e+02
8.080000000000000000e+02
-9.340000000000000000e+02
8.620000000000000000e+02
-8.760000000000000000e+02
-8.660000000000000000e+02
-8.680000000000000000e+02
1.050000000000000000e+03
-1.004000000000000000e+03
1.020000000000000000e+03
1.006000000000000000e+03
-9.880000000000000000e+02
4.700000000000000000e+02
4.680000000000000000e+02
4.840000000000000000e+02
-8.640000000000000000e+02
9.560000000000000000e+02
9.600000000000000000e+02
-8.520000000000000000e+02
-9.780000000000000000e+02
4.420000000000000000e+02
8.340000000000000000e+02
-9.280000000000000000e+02
9.240000000000000000e+02
-9.940000000000000000e+02
1.040000000000000000e+03
-9.860000000000000000e+02
1.080000000000000000e+03
-1.070000000000000000e+03
1.006000000000000000e+03
1.004000000000000000e+03
1.002000000000000000e+03
-1.002000000000000000e+03
-1.004000000000000000e+03
5.120000000000000000e+02
9.880000000000000000e+02
-8.120000000000000000e+02
-8.140000000000000000e+02
5.980000000000000000e+02
8.200000000000000000e+02
6.760000000000000000e+02
-6.680000000000000000e+02
8.360000000000000000e+02
-4.080000000000000000e+02
-3.640000000000000000e+02
-3.680000000000000000e+02
7.320000000000000000e+02
-8.740000000000000000e+02
-8.780000000000000000e+02
-8.920000000000000000e+02
8.080000000000000000e+02
-5.600000000000000000e+02
-7.000000000000000000e+02
6.500000000000000000e+02
6.300000000000000000e+02
7.440000000000000000e+02
-7.760000000000000000e+02
-7.740000000000000000e+02
5.940000000000000000e+02
6.980000000000000000e+02
-9.860000000000000000e+02
-9.880000000000000000e+02
9.880000000000000000e+02
-9.760000000000000000e+02
-7.300000000000000000e+02
9.620000000000000000e+02
9.760000000000000000e+02
9.640000000000000000e+02
-8.860000000000000000e+02
6.220000000000000000e+02
-9.300000000000000000e+02
9.900000000000000000e+02
-9.500000000000000000e+02
7.460000000000000000e+02
7.020000000000000000e+02
7.060000000000000000e+02
7.020000000000000000e+02
7.000000000000000000e+02
-9.080000000000000000e+02
9.780000000000000000e+02
-9.220000000000000000e+02
7.260000000000000000e+02
7.240000000000000000e+02
-1.024000000000000000e+03
9.400000000000000000e+02
-1.058000000000000000e+03
8.840000000000000000e+02
9.740000000000000000e+02
-8.520000000000000000e+02
7.020000000000000000e+02
-8.540000000000000000e+02
8.760000000000000000e+02
-7.240000000000000000e+02
-7.260000000000000000e+02
3.760000000000000000e+02
-7.700000000000000000e+02
1.012000000000000000e+03
-1.066000000000000000e+03
9.660000000000000000e+02
-1.090000000000000000e+03
1.066000000000000000e+03
-1.122000000000000000e+03
-1.124000000000000000e+03
1.036000000000000000e+03
-1.030000000000000000e+03
9.980000000000000000e+02
-1.020000000000000000e+03
4.680000000000000000e+02
-8.180000000000000000e+02
9.200000000000000000e+01
6.960000000000000000e+02
-9.180000000000000000e+02
7.240000000000000000e+02
7.320000000000000000e+02
8.320000000000000000e+02
8.440000000000000000e+02
8.460000000000000000e+02
-8.920000000000000000e+02
9.400000000000000000e+02
-8.720000000000000000e+02
3.700000000000000000e+02
-8.860000000000000000e+02
3.300000000000000000e+02
4.220000000000000000e+02
4.200000000000000000e+02
-6.800000000000000000e+02
7.540000000000000000e+02
7.520000000000000000e+02
-7.220000000000000000e+02
-3.880000000000000000e+02
-3.920000000000000000e+02
-7.800000000000000000e+01
7.460000000000000000e+02
-3.680000000000000000e+02
9.600000000000000000e+01
9.220000000000000000e+02
-1.038000000000000000e+03
1.000000000000000000e+03
-8.920000000000000000e+02
7.040000000000000000e+02
-7.560000000000000000e+02
-7.480000000000000000e+02
-8.900000000000000000e+02
1.072000000000000000e+03
-1.074000000000000000e+03
1.110000000000000000e+03
1.112000000000000000e+03
1.142000000000000000e+03
-9.160000000000000000e+02
-9.060000000000000000e+02
5.520000000000000000e+02
-5.220000000000000000e+02
4.160000000000000000e+02
-8.680000000000000000e+02
9.560000000000000000e+02
-3.760000000000000000e+02
-7.120000000000000000e+02
3.800000000000000000e+02
3.780000000000000000e+02
3.800000000000000000e+02
3.620000000000000000e+02
-9.080000000000000000e+02
-8.760000000000000000e+02
1.012000000000000000e+03
-8.680000000000000000e+02
